time,x,y,z,phi,theta,psi,x_velocity,y_velocity,z_velocity,phi_velocity,theta_velocity,psi_velocity,rotor_speed1,rotor_speed2,rotor_speed3,rotor_speed4
0.06,-4.786764093162151e-08,-3.2232019963031095e-08,10.00710871918402,6.283147735061021,4.843094505613266e-05,0.0,-4.614372386711317e-06,-3.334619637203023e-06,0.23693751022997545,-0.0019090944449106043,0.0023746972007097186,0.0,478.91955717339675,479.1000928217565,477.82515828176264,477.6796380725072
0.12000000000000001,-1.7013803713141099e-06,-1.0447569374317218e-06,10.02298864733058,0.00016540477685733634,6.497134029004314e-05,0.0,-5.844180325189671e-05,-2.4595132290240432e-05,0.29238038990851517,0.012287966685937903,-0.0042932375201331086,0.0,423.179627681776,422.6053654761158,421.6871018322032,422.91146346780397
0.18,-5.4543292165684876e-06,2.2990751789484805e-06,10.038898801336785,0.0008682729863584981,6.282936104110863,0.0,-4.4086824480824485e-05,0.00019306797180171736,0.23797167348476042,0.010542100951212083,-0.007192357244997249,0.0,385.3611495519385,385.08714185800625,384.6499468716328,384.4845042392931
0.23999999999999996,1.1308311007884729e-07,3.930462067391225e-05,10.060201441707328,0.0021870038931552926,6.282375283761475,0.0,0.00028963497218208704,0.0011671522566529834,0.47204838150085426,0.03838885562419841,-0.014048029422445733,0.0,477.28997665065333,476.7666790862077,477.18666200791426,479.3073113354252
0.3,4.3414061950041696e-05,0.00017987717142505162,10.09776629900533,0.004012826585631402,6.281591380166677,0.0,0.00126149821878409,0.0038043111074097047,0.779953941305236,0.005505769756527492,-0.011168260887914927,0.0,498.8242800106779,499.0346366748933,499.8724054194953,497.4709188562343
0.36000000000000004,0.0001609195172974592,0.0005090411269839263,10.151635983632852,0.004482009382293484,6.28138776422524,0.0,0.0027043132996101174,0.007216326332485391,1.0155225247420652,0.012086809267050549,0.008825270433787162,0.0,478.15287589455886,479.673461297722,478.0973943283072,478.59836426334994
0.4200000000000001,0.0003643053342158015,0.001054379940973641,10.219265278481087,0.005106537047971038,6.28142700145324,0.0,0.004028840108466304,0.011042047101265929,1.2385722128467265,0.006821738876776836,-0.02551917315422429,0.0,475.7944411674711,473.1580666207129,476.49028493726826,476.0875291218404
0.48000000000000015,0.0006606885493141551,0.001857282296691127,10.302663404838254,0.006457823396917917,6.2798333594770845,0.0,0.006055918907810214,0.015850025592248684,1.5410069519443403,0.04300747430686676,-0.028729337337884714,0.0,499.1083754292318,498.87398655974147,496.68162803075455,499.3281606151643
0.5400000000000001,0.0011138106419508829,0.0029783964765489547,10.401976438650234,0.00915297078882027,6.278294168533735,0.0,0.009243538155805427,0.02183751418876313,1.7690999000721317,0.048490763069644366,-0.020119395954886477,0.0,477.2775730935877,477.93410690976407,478.3616101318423,478.7799384878459
0.6000000000000002,0.0017833220707981002,0.004507250961274227,10.512921006801664,0.012728407529022157,6.276734523923544,0.0,0.01322125772844496,0.029487940526720206,1.9287920438555628,0.07564027171848048,-0.04157889760225027,0.0,458.9789303007087,457.2725625411997,457.72335892864487,459.88097780976324
0.6600000000000003,0.002730625593978186,0.006579492216577852,10.633278098112399,0.01769551403199543,6.2742960159020456,0.0,0.01862491416840668,0.040108969883334906,2.0828334009285796,0.09419724531902914,-0.03883102085290338,0.0,457.0050834141863,457.22323165794654,456.7563078266274,458.2390003128714
0.7200000000000003,0.004023746027615018,0.009340119217863629,10.75944506369548,0.023922712729859796,6.272138944577016,0.0,0.024686783464708564,0.05246786756072439,2.12264538364509,0.11816513931850126,-0.0307385196601046,0.0,421.13530606842517,421.83399938195976,420.94888012905096,423.02745841574483
0.7800000000000004,0.005727662206437995,0.012982491063020067,10.888710610004972,0.031438171540389526,6.270481144572649,0.0,0.03227761515706113,0.06964945891202765,2.186065298885065,0.13659855431540086,-0.022043852521560426,0.0,429.3544565713232,430.0912208466612,428.8077396154235,430.3853448575303
0.8400000000000004,0.007929114975659006,0.017835296950792258,11.022655417903875,0.03923007729831429,6.269189426211405,0.0,0.041233699487872456,0.0929166263540429,2.278550676700494,0.11092218329983237,-0.020517724027277175,0.0,438.56062743525257,438.68735196926275,441.0220338012592,438.91147475989385
0.9000000000000005,0.010690877379687647,0.024228308508330822,11.161917276637512,0.04553775575155594,6.267664016479348,0.0,0.050957660390511875,0.1208267116934103,2.3633083694997303,0.0898515085132533,-0.03769112365700809,0.0,438.5154234730748,437.08640033872285,437.66587108821705,435.91836522426746
0.9600000000000005,0.014062052097835237,0.03239340665516236,11.30571182887192,0.05043395160208153,6.2652657047124,0.0,0.06163838212539942,0.15184513440976732,2.429673257515836,0.0549975471838111,-0.04497405311907043,0.0,431.209382263283,430.59284050788125,434.2375491323671,431.30911314921167
1.0200000000000005,0.01824884984680325,0.04285892818633136,11.460330610883819,0.05442664564663069,6.26273881834881,0.0,0.07825047413780908,0.19745626673106476,2.723596982643849,0.08306562215656013,-0.036936097015921196,0.0,500.06259272610964,500.64698956009494,499.2276512979723,501.2739881301103
1.0800000000000005,0.02351448445612165,0.05622041283169974,11.63341724836749,0.05947954047173898,6.260750155014012,0.0,0.09753621437620155,0.24855728090364987,3.0451069673431634,0.08641837437312096,-0.026474395833537487,0.0,509.4941187300796,510.2412259791562,508.6003793025444,508.845264406343
1.1400000000000006,0.029986740815455864,0.07278237378127035,11.825690449752761,0.06539163986237018,6.258862384157775,0.0,0.11841547945554622,0.3042073504438478,3.363058164346012,0.11563842511808255,-0.04399596491547311,0.0,509.96728851730893,508.7139333029258,509.55313828563754,511.6443538600381
1.2000000000000006,0.03762686582143869,0.09247292207854549,12.031353597852027,0.07256778051592683,6.2565838983140125,0.0,0.1365049653728763,0.352867491707912,3.4919250433741373,0.1265338843790597,-0.028053132432718758,0.0,457.49569271998894,458.76267052291314,455.7855898042836,456.6679597650353
1.2600000000000007,0.0464197727429897,0.11530152063417841,12.245559107010473,0.080749407336004,6.255332411028782,0.0,0.1567371835670821,0.40892236133029475,3.6476875766263404,0.15100517059491608,-0.009376213658691668,0.0,466.4898068089424,467.94599466914156,464.3873772515074,466.3188911448176
1.3200000000000007,0.0563694981601417,0.14144397718825244,12.466217245839132,0.09020300820190474,6.255041073406961,0.0,0.17495397308542418,0.4633656845876589,3.707296548715698,0.1681929139780443,0.0029249311290146613,0.0,436.6054600500555,437.63070254771765,437.53044693423266,438.98279872299594
1.3800000000000008,0.06748576199045009,0.1712741369807177,12.692966855392426,0.10065029707355766,6.255996044285798,0.0,0.19550336243845104,0.5320411259566232,3.8504233235221,0.18390592165792702,0.033901829729300025,0.0,463.7097514130105,466.1368619336725,463.0379492471299,464.3000247460117
1.4400000000000008,0.07977302324095838,0.2053260027469871,12.927005606921563,0.11130658997164478,6.2578200338394225,0.0,0.21386216573884206,0.6040926976842553,3.950385762425772,0.16043532586446788,0.02226958452178433,0.0,453.39206877687496,452.4567546746186,452.66833429385815,450.80496874786405
1.5000000000000009,0.09301256933656495,0.24340482716088577,13.162522780457413,0.12078370545982331,6.2592007774549,0.0,0.22734952377811524,0.6659785028254397,3.9002437415867113,0.15246241025293414,0.024457932956219508,0.0,403.92556435211685,404.1229851411282,404.4836478747558,403.79126415430375
1.560000000000001,0.1070831052638033,0.285578906496365,13.39688829598646,0.1301467238159777,6.260263490608869,0.0,0.24154712916166435,0.7406355402806273,3.911762687451374,0.16239530688185436,-0.0013144675653920558,0.0,425.24568055870793,423.0320294507811,425.2482681516235,426.12245384457606
1.620000000000001,0.12205783017664414,0.33278347936896163,13.63479735054751,0.13954138408615524,6.259916705256597,0.0,0.2576199184333629,0.8337790655519471,4.017986893772684,0.14122617395114265,-0.016677595678164778,0.0,455.0275623549535,453.79601751025683,457.7229129155847,456.0571621952532
1.680000000000001,0.1380368978966134,0.38594600626229814,13.880314268570523,0.14816227411355598,6.259348446677432,0.0,0.2750841568922308,0.9391473493234386,4.1651866667506745,0.1481833155633886,0.0020268451873349655,0.0,468.93238950926633,470.3833158861609,468.67006267689453,469.2285662240954
1.740000000000001,0.15503409254310796,0.4453878491852104,14.133085402054157,0.15653154018703486,6.260101859719194,0.0,0.2914272717851846,1.0430633958511126,4.259966428684111,0.10993205091792706,0.02799668380772677,0.0,453.201954348999,455.2846422066621,456.8161590185762,453.7720901587381
1.8000000000000012,0.17311331269335223,0.5120752228619758,14.39685614147923,0.1634727043693296,6.262196716898915,0.0,0.31093902946574226,1.180524128188832,4.531129948804268,0.1252335579247882,0.04603544346399593,0.0,506.86604039577884,508.16119873507733,507.4534084231753,508.5606984417638
1.8600000000000012,0.19222170308240455,0.5865427654636516,14.672968856049401,0.17095636459050745,6.265516787215692,0.0,0.3256534860064999,1.302417328174817,4.671840029458156,0.12369726681328017,0.06938380240877834,0.0,472.5228687293863,474.32132159504397,471.6561176340063,471.55059306591704
1.9200000000000013,0.21217461056759615,0.6688998445962568,14.959879311755474,0.17850684759032553,6.2693193162650225,0.0,0.3389348307323606,1.4435227373850634,4.890665864875446,0.12981370117886115,0.047302171418017014,0.0,498.21417997087656,496.5992577737051,496.3350941402212,496.7963968829801
1.9800000000000013,0.23277990194715015,0.7591540114252201,15.25575845891367,0.18620327592881036,6.272431383438866,0.0,0.34759846112163495,1.565618680342691,4.971376161522121,0.12500464867531114,0.059712537382185155,0.0,457.4048791315789,458.39390621548637,458.7134636371906,458.3458344594625
2.0400000000000014,0.2538055333543392,0.8562794029713795,15.553261350985052,0.19439681543542697,6.276071371882789,0.0,0.352946663113705,1.6725384150251044,4.945274475169098,0.15307890914650207,0.06250837030634036,0.0,425.0795626133412,425.3219151595958,423.6342047468176,426.0593486587492
2.1000000000000014,0.2750994088355236,0.9602894608299715,15.850833239286697,0.20380643681687438,6.27960831164366,0.0,0.35650421458576736,1.7952449773522698,4.9733702023164135,0.16342265658972152,0.0506646907582507,0.0,443.93456845319287,442.96393758639255,442.4250115643963,443.29924763725296
2.1600000000000015,0.2965392610842902,1.0716837794941565,16.149330154634953,0.21447362713681972,6.282990107390798,0.0,0.3578654560931293,1.9187514231542908,4.976185070120919,0.19705513269377378,0.06583779159761437,0.0,435.41778911607685,436.68770252622227,434.2714865895049,437.11395417999177
2.2200000000000015,0.3179935559260133,1.19165691810185,16.45239780307732,0.22622742998603584,0.003965810632096556,0.0,0.35682105012766885,2.0814293324501096,5.124928020781936,0.19347712398994177,0.07558056820993855,0.0,481.7007318158987,482.440239463846,482.5894375527124,482.3534155894707
2.2800000000000016,0.33929948092766216,1.3211059911403549,16.76200836462033,0.23831755921499997,0.008293983353158119,0.0,0.35293122622394946,2.2345520228637055,5.194633017983907,0.21401426427185025,0.06416583522838738,0.0,461.81590065564654,460.91828804430406,458.8150987830084,460.48079727761825
2.3400000000000016,0.36035368892444636,1.458177668555268,17.068399336550684,0.2514857043339429,0.012687347406643568,0.0,0.34860426875379613,2.335431853386039,5.018844641789904,0.22859010589330236,0.0869877464667653,0.0,376.24724905509595,378.45585691538525,377.5723738840626,379.032815414071
2.4000000000000017,0.38106148165611103,1.601967301628075,17.366152310702297,0.26538742139602167,0.017726825677640612,0.0,0.3412733774465436,2.4585786232558653,4.906304656401741,0.23726681729836244,0.07720524082219285,0.0,401.22397750182023,400.3412406069964,399.5038474063278,400.35418354409467
2.4600000000000017,0.40113131412668623,1.7551167980007214,17.663576015266376,0.2795240111854529,0.022322469771416387,0.0,0.32724481116564924,2.6476129718457995,5.0066829999633615,0.23207846151321654,0.07534356819769135,0.0,470.79258591940606,470.65277726800406,472.143876374915,471.7951365159128
2.520000000000002,0.4203581158067308,1.9187219102876976,17.962904528082642,0.2934666409213236,0.026745742327833,0.0,0.31326820491399,2.8069560161731557,4.970491855815409,0.23296681328811758,0.07026333240540979,0.0,430.2243669514439,429.7983564578798,429.05026280007235,429.1815582240695
2.580000000000002,0.438584375238873,2.0930213818562993,18.262983388194545,0.3070500359951449,0.030495960715971826,0.0,0.2938818695512436,3.004118040639761,5.031115365262301,0.20812516217758492,0.03868186534781087,0.0,463.77969465861395,461.29454590319534,463.261005122251,461.3513066072067
2.640000000000002,0.45556206557272355,2.279556006665835,18.567111202104115,0.31960894379361626,0.033036558513932945,0.0,0.271814295563107,3.2146415611075243,5.105370523722202,0.21159088252538505,0.04880953552568569,0.0,467.6210892516134,468.4103479908913,469.59593593259274,469.90525970740566
2.700000000000002,0.4711523014549293,2.479033921864299,18.875836516494203,0.33202270364865694,0.036364337507215794,0.0,0.24756041702128098,3.4355332421199614,5.184273010391887,0.1953185438139185,0.06623497623829368,0.0,472.49721969986393,473.8407632264196,472.8845875602159,471.66831897691134
2.760000000000002,0.4852399645005563,2.691761582439406,19.188538507255913,0.3440509276181807,0.0399681457350507,0.0,0.22167040558104334,3.6561971219040945,5.238039906330731,0.20916161777803932,0.04337035118721685,0.0,468.3684510520963,466.5887082861463,466.591448233153,467.70811655427275
2.820000000000002,0.4977247878957139,2.9177897918635867,19.50394980116591,0.35644665356547023,0.04245497095025552,0.0,0.1942701595394966,3.878908970018181,5.274605227599508,0.20090450057625117,0.037293973774690584,0.0,464.42848626768324,463.9523826155531,464.5053627829915,463.89716987450765
2.880000000000002,0.5085136589086963,3.1574269360876968,19.821562051926715,0.36851100598552033,0.04434088336690145,0.0,0.16518631095625888,4.109753701781768,5.311365135879138,0.20140595720766044,0.015893688002178854,0.0,467.7272281562699,466.05751767669386,466.2072210869306,466.2839483058163
2.940000000000002,0.5175789318767532,3.4106816849131425,20.140166522179424,0.3806763070125001,0.04551568303351239,0.0,0.1369187929274322,4.33281524536943,5.307876755230193,0.20532093915968627,0.026086337691591393,0.0,455.936455984609,456.75020173278205,455.1821274465984,455.5346033578263
3.000000000000002,0.525000944357661,3.676892328691326,20.4569415853365,0.3933419332320449,0.046656837472187185,0.0,0.11037811456420511,4.541641201108676,5.250664642449753,0.22066036144618595,-0.0014179412331592825,0.0,441.1339757788136,438.8563465359733,438.8577787306171,440.1735975268943
3.0600000000000023,0.5307616097197708,3.956271835541191,20.771302804751624,0.40691783545633253,0.046166426346834655,0.0,0.0816958716333614,4.771804399341314,5.227104697192313,0.23559626875053405,-0.02724220696782126,0.0,453.2870228080983,451.20655357105835,452.67090369292805,453.920897305632
3.1200000000000023,0.534996633524605,4.2481071759225,21.08056011171225,0.4211868874493483,0.04486698581792403,0.0,0.05957302561395188,4.956917128456735,5.081268321176372,0.24191841468191164,-0.012339465390476236,0.0,411.57777468317545,412.8949277884854,410.79062990733036,411.4123880651382
3.1800000000000024,0.5375396734524189,4.554727720645278,21.38878046239618,0.43609645594954927,0.04402190642362136,0.0,0.025358038298007604,5.264524972711143,5.1907049693814935,0.2591445434295384,-0.017825779355420117,0.0,498.83573367394087,498.4349933635931,498.3319962515132,499.6439024320248
3.2400000000000024,0.5382295139239643,4.87837061822356,21.699760454997485,0.4510462740690482,0.04283579081050348,0.0,-0.0022181298058772114,5.524402375478299,5.173999884048183,0.2031503310068931,-0.02396831361953291,0.0,462.96438557026687,462.48075430700754,464.49065404977,460.1331637442146
3.3000000000000025,0.537412671890118,5.216553724938881,22.007033679140125,0.46301844161732664,0.04135286084064749,0.0,-0.024881144566467263,5.748969081109554,5.067909304227189,0.1911139434670892,-0.026253181354005138,0.0,434.8336358027884,434.6420254791316,433.973766724997,433.00195570087715
3.3600000000000025,0.5352520805335739,5.568444174271508,22.308069265912092,0.4740690909909713,0.03976001902829562,0.0,-0.04699654667139123,5.9812158648961775,4.966049161581075,0.16437285127987522,-0.02714222931951119,0.0,437.14756950822493,437.07329588266055,437.818739254863,435.62045025998475
3.4200000000000026,0.531827504989859,5.933966979714747,22.602120868768562,0.48358632280112257,0.03793926386164426,0.0,-0.06701952577025433,6.203282377910013,4.835366076359399,0.14350539618439523,-0.037676839847223344,0.0,428.90617844866296,428.0099172099959,427.70180701630653,425.9449963136597
3.4800000000000026,0.5270876924926963,6.314686586591119,22.891686093359993,0.49199505202604854,0.03560181479201496,0.0,-0.09072100584086722,6.48743279004031,4.815769853340168,0.13240788599654946,-0.04164963669864115,0.0,468.08910158430643,467.7790838045931,468.10189611349057,467.25439749296686
3.5400000000000027,0.5209355967956886,6.713032265656867,23.180930324379457,0.49964168365637285,0.03338400044847134,0.0,-0.11407350246477004,6.790647145702962,4.8244729921035185,0.11500348255290804,-0.028939632453642,0.0,478.8665735391777,479.83212714978913,480.6327694031323,479.3248905168517
3.6000000000000028,0.5134540758138931,7.1292228285020895,23.469874439658273,0.5062657818772784,0.03196791028352042,0.0,-0.1351286509691127,7.082191629261694,4.805991866808088,0.09909945973233984,-0.014632212808262286,0.0,472.5352280333538,473.6371274371873,473.92584438465383,472.7113629261895
3.660000000000003,0.5049003857434906,7.560414584450703,23.753108437779492,0.5116910003042756,0.03141830641135179,0.0,-0.1499505066426906,7.291001239353199,4.635273817328355,0.06095301110581386,7.034772562565517e-08,0.0,419.0444397449093,420.3150067644689,423.2263717556572,419.9359256281881
3.720000000000003,0.49535167924814677,8.00587126925858,24.029195537329546,0.5151164020558339,0.03148998552641924,0.0,-0.16832413462718301,7.557197889764392,4.567178593997418,0.047961000977740156,0.0034829289966278546,0.0,457.7889248384227,458.06603380900975,458.3990445649036,457.36725716862315
3.780000000000003,0.4847199023590782,8.466950026771057,24.300629802239133,0.5184094136916375,0.031564962610874936,0.0,-0.18606645911090866,7.811741447383553,4.480343107490734,0.06600939875423181,-0.0036402250216284915,0.0,453.05891107287215,452.4856347550147,450.98188685178116,452.43969715130964
3.840000000000003,0.47301506845884395,8.943412918856104,24.567104829560357,0.5224946285643455,0.031452069678090666,0.0,-0.20406341089639232,8.070016212112492,4.40174822403814,0.07194621204967051,0.0014224780925651502,0.0,456.1982896241638,456.60252500735345,455.2495948193963,455.7278801776361
3.900000000000003,0.4602502856540297,9.43505864233661,24.82835406885916,0.527230789848117,0.03178614116302203,0.0,-0.22143321354676632,8.317903238716697,4.306230994012922,0.0901476011284062,0.012783399879620001,0.0,449.85844287641555,450.7776544491532,450.70858057531797,452.1824723428522
3.960000000000003,0.4463102509770929,9.943557560783722,25.087281086024113,0.5330119046267265,0.032455114352332615,0.0,-0.24326184414941415,8.631467100995279,4.3234082691830755,0.10651885267455663,0.0076633977569507,0.0,490.9818592355555,490.6016057776947,490.20779066019617,491.43000503277204
4.020000000000002,0.43123030227607917,10.4680492704591,25.342404883484946,0.5402662186786298,0.032537235928029595,0.0,-0.2594201353315855,8.851573460107605,4.180552376373405,0.14020192224102185,-0.015815425119295172,0.0,438.8215772427559,436.86755321763405,435.4898189537777,438.3119488683319
4.080000000000001,0.4151111950968746,11.006925304635258,25.590863499318036,0.5495227332569099,0.03114820069905644,0.0,-0.2777641776427546,9.110849724876546,4.100570107504329,0.1732775864562681,-0.044837289148413007,0.0,462.8733062289895,460.5827994664001,458.99513596691975,461.63417889396453
4.14,0.39790205724089883,11.56175301040105,25.835011974338048,0.5602307524753751,0.028441150948377292,0.0,-0.29560564700698516,9.383318230300702,4.036578751337265,0.18721352392405008,-0.045683707667857884,0.0,468.7251422323108,468.6582787326891,468.51577044262586,469.62708259239264
4.199999999999998,0.379569553489223,12.134948659912196,26.07831925664146,0.5712978491892242,0.02600618778260344,0.0,-0.3151517863695121,9.722792473105613,4.071580864375447,0.17827048988401734,-0.03195402451197089,0.0,504.27621711665944,505.2666380793801,506.48357883263003,505.8681623567867
4.259999999999997,0.3602333895315634,12.72610768130855,26.319723392046836,0.5823808828543271,0.023961865756500167,0.0,-0.3292016728595663,9.982427252212018,3.9742310177816993,0.19520379687345898,-0.03868462804424333,0.0,464.4315756386172,463.9027541799497,463.9094513175498,465.2687984854549
4.319999999999996,0.34008949419507883,13.332932105665021,26.555234310164977,0.5938540743934855,0.021613455475984367,0.0,-0.3420475672740203,10.244966346564773,3.875047411399635,0.18176029602475405,-0.040066949540292426,0.0,466.21381505194915,466.10507439161046,466.80485321634245,465.78782365705297
4.379999999999995,0.31926890586735895,13.954140060687646,26.78259695511856,0.6048037794749215,0.01930941433557276,0.0,-0.3518031751754326,10.462047022287393,3.7032916605165007,0.18392345542325397,-0.0352614006924444,0.0,441.3285215965839,441.7244170122542,441.5127582924463,441.7237226195119
4.439999999999993,0.2979435028580596,14.586934616930394,26.99747589756426,0.6160303595898435,0.017817152826252958,0.0,-0.35895143984722133,10.631428341158037,3.4595260118005156,0.19281405069806853,-0.009586253657338796,0.0,413.9269666349973,416.18105122023525,412.0423068154879,412.864741370333
4.499999999999992,0.27616890765331975,15.2310433276589,27.19928955482139,0.6278915055026468,0.017546316209604562,0.0,-0.3668365274528635,10.838969713826357,3.2672335350317363,0.20597183631332672,0.004075702518831057,0.0,435.02857665622633,436.17159580838666,432.64822489692216,433.7941732435387
4.559999999999991,0.25394737124612654,15.886850299730963,27.388422633098106,0.6405652243300421,0.0176940638670402,0.0,-0.37389221977041115,11.021507678688387,3.0370849633460066,0.2200692905096996,-0.0009770024028556354,0.0,420.5193322984525,420.0811830619901,419.1058979152624,420.3764719647505
4.6199999999999894,0.23123879787653148,16.555789816886442,27.566561348023093,0.6536328600996724,0.01755638577281804,0.0,-0.38303432279604577,11.276324663223324,2.8997911074429155,0.2128134074316585,-0.005069686695718769,0.0,457.2655609989097,456.9393327946889,458.8353037819632,458.3039423331208
4.679999999999988,0.20803517347753908,17.23833344063082,27.734103795614473,0.6666421230292547,0.0177333818878056,0.0,-0.39041234876311853,11.475231468007337,2.6845935254827675,0.22381432878219798,0.01547322180074793,0.0,428.0101153437881,429.75564745239706,429.3434379029664,430.32419450171784
4.739999999999987,0.18430572992823915,17.935596026553796,27.892152455219296,0.6799444853560779,0.018564013089254594,0.0,-0.40061292908625123,11.76641421498959,2.5821484763254894,0.2171249392889318,0.010368008370549988,0.0,474.7360700119701,474.3439058158981,476.46225437450596,475.99543497732327
4.799999999999986,0.16000003471625981,18.64879394328531,28.04197181723337,0.6930691573639258,0.019036266573162486,0.0,-0.40959751313885756,12.006635468642784,2.410929282957091,0.22179610749326184,0.002339358603387577,0.0,452.1921156925274,451.5445117167025,452.6379735386737,453.0602104494246
4.859999999999984,0.13515284438658362,19.376381526188815,28.181360617862097,0.7060288314763339,0.019222203060897947,0.0,-0.4186346560558427,12.246031218725841,2.2344591813571455,0.20071291422289497,0.004576500691959707,0.0,452.8287294533435,453.00867075973485,453.3234768959833,451.670183659987
4.919999999999983,0.10980708285303392,20.11681298580703,28.308281118309303,0.7180050018093951,0.02016969437609273,0.0,-0.4262566529148798,12.434991634415002,1.9960223669314063,0.19728884235964916,0.03196837613458277,0.0,427.62693453852074,429.9549840971246,429.0880317848652,428.83769436906726
4.979999999999982,0.08403846664812054,20.86706072972952,28.419130975142473,0.7296854069216927,0.021961404746969393,0.0,-0.43278800589011307,12.573518025904216,1.6993549969941217,0.18885974906254469,0.025276367144300503,0.0,403.3641420273572,402.7594149727234,403.52409903701823,402.8032800135595
5.0399999999999805,0.05770833367078578,21.630248773466118,28.517360091322757,0.7412545745980852,0.023442136370592337,0.0,-0.4449643267474795,12.86527126511327,1.5736199287843398,0.1997405405439349,0.02345639223143473,0.0,476.2711945520379,476.13196364997475,475.3996457041418,476.2663897338385
